01-Apr,234,110,2726,8.58
02-Apr,309,75,3272,9.44
03-Apr,411,102,3684,11.16
04-Apr,485,74,4248,11.42
05-Apr,571,86,4612,12.38
06-Apr,621,50,5061,12.27
07-Apr,690,69,5305,13.01
08-Apr,738,48,6095,12.11
09-Apr,834,96,7267,11.48
